YES
NO
YES
YES
YES
YES
NO
YES
YES
YES
YES
YES
YES
NO
NO
NO
NO
NO
YES
NO
YES
YES
NO
NO
YES
NO
YES
YES
NO
NO
YES
NO
YES
YES
YES
NO
YES
YES
YES
NO
YES
YES
NO
NO
YES
YES
YES
YES
YES
YES
YES
YES
YES
NO
YES
YES
YES
YES
YES
YES
NO
YES
YES
YES
YES
YES
YES
YES
YES
NO
YES
YES
NO
NO
YES
YES
YES
YES
YES
NO
YES
YES
YES
NO
NO
YES
YES
YES
NO
NO
YES
NO
NO
NO
YES
YES
YES
YES
NO
NO
YES
YES
YES
YES
YES
NO
YES
NO
NO
YES
NO
YES
NO
NO
YES
YES
NO
YES
NO
YES
NO
YES
YES
YES
YES
YES
YES
NO
NO
YES
NO
YES
YES
YES
NO
YES
YES
YES
YES
YES
NO
YES
NO
YES
YES
NO
YES
YES
YES
NO
NO
NO
NO
YES
YES
YES
YES
YES
YES
YES
YES
YES
NO
YES
YES
YES
YES
YES
NO
YES
YES
YES
NO
NO
YES
YES
YES
YES
NO
YES
NO
NO
YES
YES
YES
NO
YES
YES
YES
YES
YES
YES
YES
YES
YES
NO
YES
NO
YES
YES
2
0
0
2
0
2
0
2
2
2
2
2
0
0
2
2
2
0
i0
0
2
2
2
0e
2
2
0
2
2
0
2
2
0
2
2
2
2
2
0
0
2
0
2
0
0
2
2
0
0
2
2
2
2
2
2
2
0
2
0
0
2
2
2
2
0
2
2
2
2
0
0
2
2
2
2
2
0
2
0
2
0
2
2
2
0
0
2
2
0
2
2
2
2
2
2
2
0
2
0
0
2
2
2
0
0
2
0
2
0
2
2
2
0
2
2
0
2
2
2
0
2
0
2
0
2
0
2
0
2
2
2
0
2
2
2
2
2
2
2
2
2
2
2
0
2
0
2
2
0
0
2
0
0
2
2
2
0
2
0
2
0
0
2
2
2
2
2
2
0
0
2
0
2
2
2
2
0
0
2
2
0
2
2
2
2
0
2
2
2
2
2
2
2
2
2
2
1
0
0
2
238
110
230
240
86
62
290
188
26
150
340
270
116
379
354
248
272
106
282
220
214
204
240
348
244
128
240
226
160
70
194
226
138
210
360
228
6
260
110
300
200
268
364
54
278
160
82
286
204
102
190
210
394
152
206
376
352
350
212
374
76
270
164
42
54
290
234
196
268
378
140
324
62
226
252
94
304
358
16
128
252
156
226
214
238
278
380
272
312
174
76
128
210
396
206
184
330
224
210
246
214
112
38
258
272
346
224
304
322
244
66
130
254
280
254
72
232
320
70
274
326
294
218
184
332
358
94
342
74
222
252
266
58
381
332
26
190
374
254
176
256
144
282
310
82
208
208
250
280
266
278
28
296
196
176
118
342
58
10
120
366
214
238
336
324
20
226
214
306
288
66
312
226
280
284
180
238
270
290
312
212
248
114
324
212
200
324
250
384
374
218
226
234
198
174
260
94
210
118
378
176
214
138
226
370
36
270
212
272
328
130
76
330
272
256
276
70
48
92
236
372
204
334
52
164
302
298
284
270
226
250
338
288
230
124
8
202
314
340
220
72
28
276
218
250
64
352
286
316
298
24
334
152
74
186
294
122
134
240
296
334
136
232
254
280
350
90
238
360
338
182
242
266
340
216
268
194
244
320
4
386
148
280
314
278
334
316
246
360
294
396
10
350
72
276
146
134
298
358
194
194
230
394
258
274
258
158
220
288
228
70
292
346
264
128
156
348
384
226
260
240
252
334
262
84
32
272
366
310
208
274
310
272
210
204
238
314
372
136
166
398
178
276
206
226
274
282
252
266
390
38
274
136
208
94
334
222
6
208
18
362
334
218
332
226
326
282
282
336
148
318
220
340
304
204
210
174
316
10
224
210
368
256
306
304
266
134
372
286
210
2
146
124
318
72
96
346
226
316
252
60
168
362
40
334
270
32
78
270
88
218
266
132
234
212
252
310
354
334
84
208
266
240
58
300
220
174
264
374
288
184
72
380
278
214
238
270
300
310
190
84
286
164
70
184
314
244
292
268
86
206
386
116
116
18
62
212
250
242
332
180
326
166
156
4
150
190
248
14
368
222
242
50
310
46
112
284
224
214
324
222
182
56
238
46
76
338
226
136
370
82
84
8
146
250
236
386
14
256
352
372
212
246
6
222
74
342
174
254
316
264
242
236
232
70
254
382
324
148
208
190
120
338
234
168
24
216
278
66
390
66
300
304
262
150
294
286
234
248
284
254
160
294
364
304
254
322
86
344
66
86
376
266
360
218
306
202
256
264
370
156
90
20
306
14
234
168
180
240
218
314
226
250
360
320
346
250
360
242
34
4
198
386
128
266
212
32
272
2
334
348
130
206
356
212
324
356
14
246
86
318
308
290
204
210
4
224
110
388
250
240
276
54
254
106
298
396
330
230
196
72
36
286
188
8
328
64
122
252
252
146
270
202
214
92
222
180
316
214
260
222
132
226
56
346
114
172
184
90
10
246
236
258
204
170
246
200
238
22
328
132
56
78
122
222
312
324
182
216
74
58
86
290
126
196
200
268
380
158
114
248
270
364
366
240
264
24
316
74
106
260
320
212
180
394
348
342
174
382
210
354
60
230
202
210
212
360
112
246
272
232
262
370
58
308
290
10
234
200
222
352
208
240
304
132
212
234
244
390
382
244
326
162
326
244
12
258
16
290
124
98
356
94
284
14
24
370
112
192
194
70
148
70
240
298
306
314
260
100
152
176
370
354
60
214
222
242
218
394
374
220
260
202
12
318
164
42
228
376
370
328
312
310
302
86
222
66
110
240
30
318
240
86
86
282
160
158
68
204
42
253
388
124
254
146
392
302
130
266
314
268
68
242
340
292
290
124
192
248
64
236
184
302
142
126
298
244
192
256
252
218
278
296
76
286
204
314
14
324
92
390
282
214
218
234
54
150
314
304
212
366
314
170
226
182
64
124
358
328
218
290
254
340
262
212
114
298
192
146
42
206
320
230
52
354
210
200
126
206
396
168
140
260
52
290
348
14
96
358
224
214
238
292
396
310
368
130
200
330
252
230
172
38
206
258
300
232
144
286
214
312
188
314
394
158
230
10
70
206
282
370
214
162
186
186
170
238
222
254
8
126
212
292
244
68
8
362
66
248
194
200
220
216
244
40
398
342
92
138
358
244
252
50
8
178
268
304
332
80
344
154
304
366
278
206
268
350
94
16
358
196
324
334
144
222
322
116
190
114
256
242
324
360
132
170
262
296
232
256
220
342
20
226
20
334
306
252
332
340
392
46
276
172
224
220
320
212
58
304
284
32
200
172
72
298
244
302
230
212
310
2
338
166
386
314
284
6
290
324
14
354
264
206
52
356
322
292
186
326
72
8
314
202
240
342
42
38
142
288
140
8
148
58
252
226
298
120
288
320
204
214
82
74
312
34
250
84
54
44
296
264
248
286
368
338
264
316
300
22
332
246
18
236
246
94
28
98
184
352
278
352
376
288
186
306
298
172
306
338
324
280
230
372
104
30
58
302
188
278
324
180
268
306
302
346
330
294
218
70
312
186
186
298
210
204
24
270
260
210
392
102
340
156
18
26
284
194
278
134
146
328
40
392
288
204
78
68
302
202
372
120
308
220
244
216
150
310
378
340
394
60
234
276
292
272
122
226
82
300
306
248
174
254
22
218
288
184
114
319
208
212
238
92
246
296
20
210
278
284
46
386
4
348
394
272
72
208
304
170
316
2
264
58
62
276
364
272
102
122
194
52
260
230
274
324
332
296
28
212
214
232
256
306
10
396
298
336
184
232
360
396
30
354
230
102
110
206
360
362
250
316
258
254
86
320
2
108
60
228
396
130
256
214
110
90
312
50
220
54
228
342
172
286
250
38
332
392
182
278
176
310
278
118
226
170
290
200
370
164
284
210
220
234
170
318
68
206
262
250
216
20
284
374
302
212
358
144
298
118
24
50
288
224
248
314
282
244
110
318
386
214
88
70
162
264
206
122
258
306
274
34
82
390
256
250
386
360
68
142
388
38
224
352
120
384
24
114
342
90
386
258
36
178
322
158
266
248
54
308
240
252
176
248
398
138
348
324
306
242
220
86
96
160
364
254
254
172
140
96
228
272
260
284
398
304
178
200
280
288
234
4
310
60
308
248
86
222
238
260
216
102
256
12
298
4
268
8
336
252
94
268
96
292
340
206
290
368
320
266
242
300
236
264
202
340
312
296
162
304
322
302
276
42
38
86
344
44
258
344
202
78
238
22
130
266
108
348
278
276
180
340
348
306
234
314
196
120
26
282
360
106
134
282
392
322
242
222
152
286
218
332
252
248
202
324
242
292
296
312
266
166
194
226
22
194
222
224
276
194
248
216
316
94
258
346
362
214
300
210
248
252
58
382
396
192
6
326
340
258
248
238
188
296
280
22
322
148
248
112
318
58
268
260
288
142
122
190
162
70
88
48
348
350
264
206
378
80
52
226
250
238
84
298
340
122
28
238
104
364
48
338
80
74
234
366
162
322
308
26
366
24
174
250
228
240
338
204
380
330
208
290
272
80
398
388
116
200
2
46
336
212
208
200
318
340
8
84
350
368
2
260
234
158
240
258
266
82
40
256
296
132
208
126
250
240
34
270
372
288
36
96
260
284
344
336
46
222
252
44
138
208
318
266
214
126
226
232
308
256
210
24
46
76
235
260
320
272
172
148
212
364
84
24
206
392
292
332
286
262
182
358
226
158
270
362
244
358
368
76
300
380
380
272
206
314
264
292
294
246
312
12
80
90
350
254
110
314
304
114
260
90
248
94
120
298
40
214
358
386
232
258
128
220
264
40
312
218
292
248
394
318
240
48
120
350
278
256
14
396
244
320
2
248
250
234
370
206
350
356
316
96
266
278
212
220
288
134
64
318
220
44
362
348
134
74
388
304
352
222
320
216
346
160
112
212
86
78
298
266
288
116
300
256
144
318
266
82
208
246
192
260
338
324
294
188
196
242
332
254
218
202
250
106
272
174
326
238
298
238
150
20
100
268
212
114
206
206
378
282
202
370
4
344
200
220
36
110
304
292
304
228
210
10
270
132
238
396
284
106
154
372
188
72
94
246
244
288
206
10
176
200
296
324
56
306
238
362
136
210
106
300
246
208
78
216
310
258
76
346
326
268
384
380
308
316
152
288
222
148
398
224
378
220
322
200
254
50
274
218
304
258
244
4
48
190
172
296
212
312
62
208
92
164
226
138
332
378
120
398
80
338
394
224
288
238
4
250
102
206
212
148
14
262
212
336
312
244
232
202
8
148
234
62
324
208
358
104
298
314
154
28
208
100
112
72
14
90
28
218
160
146
180
282
204
34
156
348
288
96
104
268
252
228
300
238
132
42
216
306
158
236
118
314
204
230
326
144
264
276
10
42
326
218
324
162
258
228
262
230
248
166
218
142
232
224
202
196
186
150
280
238
265
48
286
332
358
272
232
362
274
224
222
200
224
300
286
276
396
116
320
296
208
152
336
348
254
208
302
98
48
206
242
232
126
224
346
138
234
332
150
352
32
224
290
354
180
218
54
258
318
50
216
214
202
268
290
216
250
130
192
238
352
18
10
306
266
160
276
232
180
358
196
236
74
42
124
260
212
344
300
252
116
212
122
64
200
272
40
278
248
230
210
260
302
234
218
376
178
222
286
290
302
208
200
314
262
242
228
296
204
14
348
264
200
222
300
222
286
218
338
244
298
302
118
84
218
254
328
214
234
90
256
292
322
280
210
384
120
226
60
328
386
212
122
246
108
352
206
264
290
20
56
298
216
240
222
258
236
66
308
268
348
256
372
328
244
134
84
118
278
252
180
358
238
390
398
16
132
216
8
328
382
246
206
234
208
228
314
234
24
360
64
214
156
306
386
52
366
226
360
372
66
264
270
60
284
100
144
298
258
324
212
310
44
266
258
380
340
232
302
292
246
24
22
352
314
330
234
272
120
390
248
202
368
274
394
342
232
318
46
40
204
346
306
172
130
142
298
284
118
290
314
132
360
320
56
272
384
220
74
306
300
364
322
344
250
328
290
210
6
28
296
234
148
306
320
308
88
398
138
178
224
230
84
168
244
10
42
38
260
212
332
226
286
354
378
28
22
268
354
336
308
114
318
208
324
190
388
340
344
236
268
272
308
350
76
348
66
240
94
262
228
306
238
298
304
170
218
260
232
140
236
22
60
340
222
154
254
330
218
248
214
376
394
254
346
262
86
322
222
362
290
150
300
18
244
198
96
312
376
242
290
394
162
398
252
180
112
262
148
176
206
202
22
326
208
268
286
310
324
374
278
282
104
266
276
324
276
230
256
266
152
262
372
318
84
298
220
22
274
188
214
88
228
368
306
278
376
6
62
370
318
266
304
350
194
282
126
52
282
72
204
44
312
214
200
390
326
76
98
174
286
318
276
226
220
228
224
378
236
30
268
292
324
24
60
230
280
264
306
222
106
42
148
234
168
344
118
268
242
280
276
238
346
334
256
28
190
302
114
306
342
362
82
242
48
352
164
234
282
226
128
94
78
24
250
318
24
32
334
122
270
228
108
270
224
62
248
74
326
216
168
250
276
388
234
168
116
208
240
320
154
226
186
82
244
260
202
383
100
326
78
210
374
114
208
376
306
204
148
268
284
316
270
146
208
384
74
26
70
94
210
216
328
346
296
294
256
76
210
190
214
178
210
172
84
260
280
338
132
230
58
50
190
196
84
272
390
234
236
80
132
272
260
296
354
188
232
158
138
244
306
184
228
42
314
52
200
56
228
216
66
260
338
304
222
54
78
226
314
198
212
62
80
360
292
274
210
250
8
274
288
104
320
126
302
290
326
244
228
284
78
256
88
290
254
180
8
104
104
260
304
254
300
364
394
202
246
40
350
292
318
218
150
168
26
262
192
280
240
312
112
6
36
270
230
112
118
310
192
44
276
212
256
276
346
60
218
268
268
256
178
62
284
272
94
32
128
148
36
76
244
198
62
324
246
26
316
214
136
154
238
384
148
296
292
214
66
158
214
14
224
234
368
140
184
258
190
116
210
250
208
344
392
152
282
300
68
282
204
86
208
72
46
350
294
212
224
50
218
112
294
320
274
146
216
84
96
78
218
218
58
6
370
306
252
248
270
138
258
324
154
372
266
178
126
194
184
278
234
54
72
364
208
212
210
340
102
152
42
248
184
282
326
306
312
392
248
270
340
266
350
244
276
290
352
296
270
352
84
26
238
166
102
244
328
392
282
246
226
40
274
316
272
256
40
218
282
226
192
128
246
38
170
288
12
330
310
304
358
240
218
100
54
310
266
252
218
84
344
342
298
358
204
230
352
372
98
102
270
24
252
80
130
276
328
246
64
206
222
342
200
316
390
252
126
144
236
206
242
236
56
64
306
354
214
366
355
296
232
232
42
182
320
364
252
226
216
396
210
372
298
148
280
222
240
262
226
290
18
248
66
166
396
200
360
268
270
322
30
266
296
200
150
218
34
114
364
284
76
286
268
282
128
250
198
258
18
60
234
388
30
324
248
178
66
264
48
306
370
232
178
260
24
188
256
126
218
204
162
108
190
382
346
348
64
62
256
254
248
176
300
346
250
190
278
214
58
238
194
208
358
154
216
278
212
216
186
204
26
134
212
168
360
292
44
306
116
246
234
80
52
266
116
180
224
184
128
250
304
194
216
72
228
254
284
208
210
256
258
280
356
132
378
280
228
396
2
360
274
334
142
114
118
228
288
186
266
94
68
306
164
378
364
98
254
148
300
82
304
228
124
226
392
276
114
136
242
162
314
272
204
10
270
118
372
12
368
190
224
300
354
222
384
202
94
120
254
346
118
378
204
112
292
338
110
200
322
212
346
390
100
222
240
182
314
48
290
240
8
282
360
298
184
70
220
90
272
358
226
12
148
312
204
214
170
276
196
312
278
228
108
174
246
278
242
300
376
292
270
222
284
284
206
134
392
288
318
204
262
46
230
4
284
250
290
270
100
200
134
208
342
220
64
318
252
394
294
214
372
228
60
56
174
282
326
308
258
360
344
324
378
276
18
248
254
343
220
48
274
366
268
362
264
346
100
54
200
20
344
306
52
266
248
388
300
10
298
226
202
8
190
314
218
52
266
254
204
196
278
216
360
110
256
140
234
344
26
242
240
258
238
258
54
210
336
202
296
302
280
60
250
256
332
386
316
334
216
310
136
272
296
234
126
278
42
368
178
254
308
42
248
114
392
298
6
286
272
322
118
178
258
254
270
204
364
238
126
190
76
150
252
280
64
212
252
258
86
148
282
264
306
156
326
326
266
248
86
158
210
224
308
86
260
248
238
276
312
248
58
292
228
84
160
258
212
238
220
262
240
48
154
156
94
344
54
332
230
16
224
202
68
222
222
8
224
228
258
326
310
2
300
66
50
154
16
266
158
352
78
98
30
240
166
298
42
76
322
230
366
286
218
74
216
252
216
276
260
240
276
278
366
266
238
288
278
312
82
376
206
218
248
230
190
36
86
34
322
236
218
102
128
296
48
296
346
192
110
52
30
226
334
60
152
210
354
280
358
112
260
362
68
58
16
208
146
158
332
270
90
396
324
264
362
392
46
242
358
184
296
220
290
116
136
226
172
360
136
278
274
170
234
148
226
124
272
208
282
290
224
174
176
278
210
286
18
352
308
348
316
70
310
212
112
150
248
268
64
272
244
214
2
232
114
24
236
366
390
268
330
316
260
170
104
240
366
304
250
204
342
316
352
232
310
284
336
220
370
396
180
100
142
210
226
378
90
364
288
322
260
386
398
74
158
318
246
250
284
258
78
398
2
220
274
34
80
118
218
210
276
288
48
62
282
132
384
248
244
34
132
246
312
272
236
212
30
292
274
316
282
168
216
236
236
204
260
286
108
76
262
258
246
296
238
216
350
198
310
256
80
280
252
164
246
214
374
332
260
266
304
350
136
238
154
282
262
28
252
300
278
146
368
392
94
266
100
392
238
226
118
208
60
78
374
96
230
104
254
230
16
346
224
316
8
368
332
10
268
30
98
236
24
308
302
238
378
324
240
30
258
234
298
88
294
300
50
160
280
256
208
86
72
280
118
258
16
236
348
338
272
6
212
4
368
270
24
276
320
298
290
68
54
260
314
382
72
382
286
244
154
298
122
214
156
278
242
222
270
206
230
324
74
342
380
214
244
164
84
254
204
332
300
382
108
102
362
114
116
44
98
230
226
334
58
22
378
208
354
336
144
374
356
62
32
254
242
322
222
274
254
202
164
250
234
182
34
330
250
154
158
380
170
180
274
256
56
70
200
320
40
220
306
274
84
110
358
130
92
206
108
384
264
78
150
270
112
330
236
314
218
188
180
360
294
256
244
268
170
276
104
248
342
366
58
230
216
260
378
154
284
14
258
206
274
128
270
206
240
224
48
336
82
124
338
24
332
126
394
204
318
286
218
218
246
238
388
234
312
302
222
92
356
26
54
316
48
220
174
282
250
244
378
8
340
346
216
246
392
216
202
262
226
212
352
292
274
352
222
206
324
288
270
122
54
214
230
210
58
198
210
152
202
174
376
8
150
208
394
248
152
266
176
314
172
6
244
120
216
290
212
270
110
280
316
106
230
226
248
236
222
336
294
242
2
226
308
204
202
360
320
274
324
310
318
114
144
2
344
274
354
386
100
234
336
298
352
280
244
284
186
20
322
388
220
292
382
216
240
46
58
304
380
224
322
266
374
374
252
302
256
268
250
208
312
274
216
320
68
260
308
358
396
168
324
288
116
252
80
222
30
304
258
170
88
250
242
298
298
204
360
256
252
210
54
294
114
284
226
274
80
138
354
232
20
210
374
326
242
200
298
130
322
272
276
232
320
258
314
258
26
134
334
348
216
64
44
102
292
378
330
156
174
358
332
374
100
242
302
256
148
8
28
264
330
266
176
246
144
264
302
16
78
364
228
242
310
66
250
308
162
60
374
76
170
216
260
266
248
126
114
104
276
332
76
286
134
118
68
148
310
358
102
216
224
236
102
300
214
266
144
290
200
274
270
220
360
206
92
202
160
358
276
46
214
220
258
242
204
322
220
228
28
114
204
288
330
258
104
318
114
66
62
40
8
242
110
292
18
364
314
78
394
324
306
234
156
258
108
104
234
156
242
30
204
204
128
246
256
206
328
242
278
8
206
314
184
154
302
344
174
186
356
246
226
322
284
180
316
378
319
356
266
124
134
260
256
274
182
18
382
282
168
290
242
254
288
292
382
324
332
44
258
294
306
216
374
258
220
331
174
314
6
60
324
88
252
306
366
10
24
156
200
314
210
80
14
58
26
134
10
70
100
294
278
34
174
314
280
50
214
174
14
192
200
168
344
32
90
162
238
108
126
278
384
296
360
292
208
56
260
310
12
318
256
298
242
280
106
102
366
396
310
290
314
4
310
194
162
374
190
298
226
264
86
252
248
22
338
66
234
286
144
258
286
314
24
330
288
30
44
24
308
330
226
166
322
120
18
304
314
30
66
300
168
156
292
228
228
372
124
206
326
250
200
300
224
102
338
272
252
58
108
238
212
204
202
276
4
322
342
360
44
178
210
156
238
342
30
246
208
210
250
214
384
222
204
116
196
294
398
268
358
90
344
306
394
278
186
214
356
128
324
316
212
230
266
300
48
296
292
220
266
390
114
394
242
236
350
388
272
98
272
282
38
16
296
280
162
20
106
198
72
88
246
206
230
256
58
74
84
176
94
264
74
132
46
204
92
326
236
130
268
230
212
152
122
94
204
286
296
346
120
36
250
264
144
236
156
272
266
20
314
258
14
54
244
132
220
128
76
44
76
92
154
232
270
214
190
32
224
238
58
362
146
352
260
300
372
208
320
272
46
360
194
236
310
314
238
348
130
252
298
234
230
220
236
74
88
206
102
316
238
112
222
258
236
308
10
202
254
246
142
258
370
276
22
274
336
232
192
260
128
338
216
90
124
386
28
144
252
394
102
340
